65 45
6
10
8 11
27
21 5
6 25 4
35 4
37 3
4 30 4
3 32 3
3 33 4
3 38
3 37
3 23 13
4 22 2 12
15 8 1 1 11
14 2 11 11
12 1 1 3 17
11 5 4 2 12
16 7 3 10
15 2 5 4 9
12 1 9 5 8
11 3 8 7 7
10 5 4 8 7
10 6 11 6
10 21 6
9 10 10 5
9 10 5 4 5
8 10 3 4 5
8 5 3 5 5
8 6 7 5
8 14 5
7 10 6
8 6
20
16 4
3 8 7
8 8 3
3 22 3
3 23 3
3 24 3
4 24 4
4 24 4 
4 26 4
4 26 4
5 26 5
5 26 5
33 5
6 29
5 5 15 6
4 8 5 5 6 5
3 6 3 4 4 9 4
2 3 7 8 3 3 3 3
13 6 12 2
13 6 12
2 10 6 10 1
5 7 4 6 5
5 6 4 5 5
5 5 4 5 5
5 5 4 4 5
5 4 5 3 5
6 3 6 3 5
10 7 9
8 8
5 6
5
9
11
4 5
4 11
3 15 5
3 19 8
3 21 10
3 23 10 5
27 10 9
27 11 5 6
28 6 1 14
28 4 5 3 11
30 2 8 7 6
12 4 5 12 7 5
12 3 7 5 11 2 5 4
11 4 9 4 12 8 3
12 1 3 10 3 12 10 3
12 16 3 13 14
13 2 10 3 13 12
16 3 5 3 3 14 10
16 5 4 3 3 15 5
16 1 3 5 2 3 18 2
15 2 3 5 2 3 25
15 6 5 2 3 12 11
15 5 2 2 3 12 11
15 5 5 3 3 25
12 2 4 5 3 2 19 3
11 5 2 6 3 2 16 4 1
10 1 4 6 3 3 15 9
10 3 9 3 3 14 12
11 1 8 3 3 14 14
14 2 11 3 14 8 3
18 10 3 14 2 4 3
19 8 4 14 6 4
21 6 4 2 11 6 6
4 17 5 3 10 15
4 27 3 6 2 11
4 24 6 1 13
4 21 12 4 5
5 18 12 7
6 1 18 11
24 11
9 11 9
7 5
